00000000005000000006000000000000
00000000005000000006000000000000
00000000005000000006000000000000
11114000005000000006000000000000
00006000005000000006000000311111
00006000005000000006000000500000
00006000005000000006000000500000
00006000005000000006000000500000
00006000005000000006000000500000
00006000005000000006000000500000
00006000005000000006000000500000
00006000005000000006000000500000
00006000005000000006000000500000
00006000005000000006000000500000
00006000005000000006000000500000
00006000005000000006000000500000
00006000007999999998000000500000
00006000000000000000000000500000
00006000000000000000000000500000
00006000000000000000000000500000
00006000000000000000000000500000
00006000003111111111111111b00000
00006000005000000000000000000000
00006000005000000000000000000000
