00000000000000000000000000000000
00000000000000000000000000000000
00000000000000000000000000000000
00000000000000000000000000000000
00000000000000000000000000031111
00000000000000000000000000050000
00000000000000000000000000050000
00000000000000000000031111450000
00000000000000000000079999850000
00000000000000000000000000050000
00000000000000000000000000050000
00000000000000000000000000050000
00000000000000000000000000050000
00000000000000311114000000050000
00000000000000799998000000050000
00000000000000000000000000050000
00000000000000000000000000050000
00000000000000000000000000050000
00000000000000000000000000050000
00000000000000000000000311450000
00000000000311400000000799850000
00000000000799800000000000050000
11111140000000000000000000050000
00000060000000000000000000050000
