00000000006000000005000000000000
00000000006000000005000000000000
00000000006000000005000000000000
00000000006000000005000000000000
00000000006000000005000000000000
00000000006000000005000000000000
00000000006000000005000000000000
00000000006000000005000000000000
00000000006000000005000000000000
99999999998000000007999999999999
00000000000000050000000000000000
00000000000000050000000000000000
00000000000000050000000000000000
11111111114000000003111111111111
00000000006000000005000000000000
00000000006000000005000000000000
00000000006000000005000000000000
00000000006000000005000000000000
00000000006000000005000000000000
00000000006000000005000000000000
00000000006000000005000000000000
00000000006000000005000000000000
00000000006000000005000000000000
00000000006000000005000000000000
