00000000000000000000000000000000
00000000000000000000000000000000
00000000000000000000000000000000
00000000000000000000000000000000
00000000000000000000000000000000
00000000000000000000000000000000
00000000000000000000000000000000
00000000000000000000000000000000
00000000000000000000000000000003
0000000000000000000000000000000d
0000000000000000000000000000000d
0000000000000000000000000034000d
00000000000000000000000000780005
00000000000000000000000000000005
0000000000000000000003400000000d
00000000000000000000078000000005
00000000000000000000000000000005
00000000000000000000000000000005
0000000000000000031111111111111b
00000000000000000db0000000000000
00000000000000000500000000000000
00000000000000000500000000000000
11111111111400000d00000000000000
00000000000600000500000000000000
