33333333333333333333333333333333
33333333333333333333333333333333
33000000000000000000000000000033
33000000000000000000000000000033
33000000000000000000000000000033
33000000000000000000000000000033
33000000000000000000000000000033
33000000000000000000000000000033
33000000000000000000000000000033
33000000000000000000000000000033
33000000000000000000000000000033
33000000000000000000000000000033
33000000000000000000000000000033
33000000000000000000000000000033
33000000000000000000000000000033
33000000000000000000000000000033
33000000000000000000000000000033
33000000000000000000000000000033
33000000000000000000000000000033
33000000000000000000000000000033
33000000000000000000000000000033
33000000000000000000000000000033
33333333333333333333333333333333
33333333333333333333333333333333,300,300
